MERIDIAN 1
1 29668U 06061A   21187.54762907  .99999999  88006-5  39685-3 0  9996
2 29668  61.1736 172.0554 0243685 261.4665 207.9004 16.18069742109757
MERIDIAN 3
1 35008U 09029A   21113.17436894  .99999999  84750-5  53592-3 0  9994
2 35008  62.9229 132.8490 0188760 266.4628 205.8679 16.29926844 98745
MERIDIAN 3
1 37212U 10058A   22080.47950558  .00000198  00000-0  00000-0 0  9992
2 37212  63.4918 235.7098 6530207 271.1262  20.3524  2.00571242 83387
MERIDIAN 4
1 37398U 11018A   22083.65584113  .00000529  00000-0  10567-2 0  9996
2 37398  62.8023 299.0641 7295996 253.5138  18.9696  2.00549030 79769
MERIDIAN 6
1 38995U 12063A   22083.70568277 -.00000321  00000-0  00000-0 0  9990
2 38995  65.3052 174.7013 6593154 249.4926 346.3576  2.00550889 68543
MERIDIAN 7
1 40296U 14069A   22083.91914704 -.00000158  00000-0  00000+0 0  9995
2 40296  63.4129  41.6178 7132525 273.7794  16.5105  2.00629880 54225
MERIDIAN 8
1 44453U 19046A   22083.88764124  .00000117  00000-0  00000+0 0  9993
2 44453  62.6578 222.7899 6816468 274.6081 348.2420  2.00595109 19422
MERIDIAN 9
1 45254U 20015A   22083.65062688  .00000312  00000-0  00000-0 0  9990
2 45254  63.1274 133.8631 6891641 294.0805 340.8612  2.00610450 15304
MERIDIAN 10
1 52145U 22030A   22083.09950976 -.00000090  00000-0  10295+0 0  9990
2 52145  62.8234 321.9460 7251400 270.0900  14.8785  1.98454098    30
OPS 0757 (TACSAT)
1 03691U 69013A   22083.65958150  .00000048  00000-0  00000-0 0  9994
2 03691   1.1382 293.9008 0015240 291.3913  61.4549  1.00438695 98582
TACSAT 2
1 29653U 06058A   11036.48491658  .15104097  68840-5  88742-3 0  9990
2 29653 040.0028 056.7512 0001783 160.0539 200.1408 16.41466071236002
TACSAT 3
1 35001U 09028A   12121.72616188 +.15204951 +73582-5 +42606-3 0  9992
2 35001 040.4259 351.8840 0007146 275.2650 085.0693 16.45157000166990
TACSAT 4
1 37818U 11052A   22083.48886155  .00000227  00000-0  16763-3 0  9993
2 37818  62.9919  78.6506 4669074 237.2889 336.5687  6.02783714230799
MARISAT 1
1 08697U 76017A   22083.47307565 -.00000130  00000-0  00000+0 0  9997
2 08697   9.4298 308.0145 0013559 153.4087  74.2575  0.99209735166755
MARISAT 2
1 09478U 76101A   22083.62934434 -.00000044  00000-0  00000-0 0  9992
2 09478   9.0521 316.5884 0102530 322.3755  14.7293  0.97590233108272
MARISAT 3
1 08882U 76053A   22083.56744873 -.00000176  00000-0  00000-0 0  9991
2 08882  11.2718 313.1676 0122641 298.0496 255.9990  0.95899900106330
NATO 2A
1 04353U 70021A   22083.64038487 -.00000128  00000-0  00000-0 0  9992
2 04353   4.2612 290.9626 0002180 168.6866 212.3113  1.00267890110275
NATO 2B
1 04902U 71009A   22083.63725102 -.00000099  00000-0  00000-0 0  9992
2 04902   5.0908 283.5153 0005489 157.8279 224.9355  1.00271107103149
NATO 3A
1 08808U 76035A   22083.46130427 -.00000286  00000-0  00000-0 0  9994
2 08808   8.4965 308.7229 0020554 290.3834  54.9182  0.99845006731836
NATO 3B
1 09785U 77005A   22083.63283691 -.00000083  00000-0  00000-0 0  9993
2 09785  11.4011 320.3640 0044318  19.2903 157.1103  0.95268846101942
NATO 3C
1 11115U 78106A   22083.83504979 -.00000122  00000-0  00000-0 0  9997
2 11115  11.9703 326.1982 0002744   8.3861 169.5246  0.98483958639999
NATO 3D
1 15391U 84115A   22083.57501007 -.00000213  00000-0  00000-0 0  9995
2 15391  14.4503   4.1984 0105106  93.9303 113.1587  0.94955421133208
NATO 4A
1 21047U 91001A   22079.96093859 -.00000110  00000-0  00000-0 0  9997
2 21047  13.2273   3.8778 0003442 104.1814  82.5534  0.98283824112891
NATO 4B
1 22921U 93076A   22083.54193237 -.00000082  00000-0  00000-0 0  9991
2 22921  12.6647   9.8930 0007136  40.0437 175.9930  0.98517569103387
PAKSAT 1 (ANATOLIA 1)
1 23779U 96006A   22083.88896361 -.00000217  00000-0  00000-0 0  9994
2 23779   7.6454  57.8114 0002698  63.4929 312.8733  0.99591844 95460
Intelsat 22
1 38098U 12011A   22083.84507990 -.00000069  00000-0  00000-0 0  9996
2 38098   0.0095 202.8642 0002802 166.4992 189.2476  1.00271312 36325
COMSATBW-1
1 35943U 09054B   22083.62803991  .00000015  00000-0  00000-0 0  9991
2 35943   0.0778  97.5731 0002619 299.1306  74.4441  1.00272077 45816
COMSATBW-2
1 36582U 10021B   22083.83339265  .00000078  00000-0  00000-0 0  9997
2 36582   0.0689  94.9949 0002313 287.6127 112.8497  1.00269927 43460
MUOS 1
1 38093U 12009A   22083.88251799 -.00000136  00000-0  00000-0 0  9990
2 38093   2.8436  29.7253 0058771 358.0649  12.2220  1.00273314 36952
MUOS 2
1 39206U 13036A   22083.86742925  .00000056  00000-0  00000-0 0  9992
2 39206   2.6398  20.1948 0051732 181.9264 115.4432  1.00274455 31690
MUOS 3
1 40374U 15002A   22083.82754904 -.00000138  00000-0  00000-0 0  9993
2 40374   2.5401   9.3896 0051626 176.6498 278.6304  1.00270448 26091
MUOS 4
1 40887U 15044A   22083.77202144 -.00000102  00000-0  00000-0 0  9997
2 40887   2.5558   4.4365 0058377 359.6597 171.0748  1.00271454 24064
MUOS 5
1 41622U 16041A   22083.64648823 -.00000149  00000-0  00000-0 0  9998
2 41622   5.8106 301.5749 0194214 233.4703 134.7522  1.00272046 21592
SKYNET 1
1 04250U 69101A   22083.63582503 -.00000088  00000-0  00000-0 0  9992
2 04250   3.5324 285.8664 0020042 283.1259  95.0723  1.00269381119026
SKYNET 2A
1 07096U 74002  A 74024.16444774  .44583172 +00000-0 +00000-0 0  9993
2 07096 037.5078 303.5316 1162227 186.9849 171.3266 13.82996082000522
SKYNET 2B
1 07547U 74094A   22083.69284299  .00000136  00000-0  00000-0 0  9991
2 07547   7.4218 297.1398 0004685 136.2730  26.0000  1.00346827109268
SKYNET 4A
1 20401U 90001A   22083.24170772 -.00000123  00000-0  00000-0 0  9999
2 20401  13.0926 358.8230 0010581 299.0424 256.3706  0.98996909 31466
SKYNET 4B
1 19687U 88109A   22083.16914223 -.00000182  00000-0  00000-0 0  9992
2 19687  14.5382 348.6986 0002828 355.2116 179.1812  0.99670240102754
SKYNET 4C
1 20776U 90079A   22083.85574941  .00000120  00000-0  00000-0 0  9998
2 20776  13.8305   0.6961 0003214   6.5851 156.5296  1.00276681115395
SKYNET 4D
1 25134U 98002A   22083.04389699 -.00000116  00000-0  00000-0 0  9996
2 25134  11.7925  19.6868 0005859  74.3332 115.8913  0.99154503 88043
SKYNET 4E
1 25639U 99009B   22083.04404500 -.00000037  00000-0  00000-0 0  9995
2 25639  11.2057  17.3794 0002711 341.0872 197.6767  1.00274641 35882
SKYNET 4F
1 26695U 01005B   22083.88129693  .00000014  00000-0  00000-0 0  9990
2 26695  10.5746  26.6582 0002491  88.9089 277.3986  0.99144722 77295
SKYNET 5A
1 30794U 07007B   22083.84981118 -.00000282  00000-0  00000-0 0  9995
2 30794   1.9953  88.6685 0003037 278.1802 216.5723  1.00272930 55206
SKYNET 5B
1 32294U 07056B   22083.83583476  .00000132  00000-0  00000-0 0  9993
2 32294   1.3141  89.7509 0003993 270.3454 148.1481  1.00271905 52705
SKYNET 5C
1 33055U 08030A   22083.89899368 -.00000151  00000-0  00000+0 0  9999
2 33055   0.0668 350.1710 0003226  36.5084 101.4286  1.00270840 50407
SKYNET 5D
1 39034U 12075A   22083.82063293  .00000089  00000-0  00000-0 0  9999
2 39034   0.0717 357.5966 0003665   8.6768 164.1607  1.00274730 33670
LEASAT 1
1 15384U 84113C   22083.17027608 -.00000092  00000-0  00000+0 0  9995
2 15384  12.8671 347.0443 0025770 266.0748 276.6447  0.98543784108785
LEASAT 2
1 15236U 84093C   22083.54775705 -.00000179  00000-0  00000-0 0  9994
2 15236  13.7755 325.2443 0026491 237.3353 326.8578  0.97457073112991
LEASAT 3
1 15643U 85028C   22083.63618006 -.00000067  00000-0  00000-0 0  9991
2 15643  14.4583 321.4886 0071400 264.4074  77.3375  0.96961777121623
LEASAT 4
1 15995U 85076D   22083.46021365 -.00000160  00000-0  00000-0 0  9995
2 15995  12.0922 338.6941 0005529 353.9521 337.7999  0.97800082103016
LEASAT 5
1 20410U 90002B   22081.96155833  .00000057  00000-0  00000-0 0  9993
2 20410  11.5213 359.8403 0008531  43.8387 153.7856  0.99595150103017
OPS 6391 (FLTSATCOM 1)
1 10669U 78016A   22083.89681323 -.00000253  00000-0  00000+0 0  9999
2 10669  10.7840 307.4329 0005858 189.5039 339.3514  0.99006091739341
OPS 6392 (FLTSATCOM 2)
1 11353U 79038A   22083.89951699 -.00000222  00000-0  00000+0 0  9997
2 11353  11.0943 315.3100 0018429  51.8721 123.7212  0.98545981155147
OPS 6393 (FLTSATCOM 3)
1 11669U 80004A   22083.59794965 -.00000192  00000-0  00000-0 0  9997
2 11669   9.3771 316.2822 0023746 196.5515 156.1181  1.00163822154354
OPS 6394 (FLTSATCOM 4)
1 12046U 80087A   22083.30279953 -.00000055  00000-0  00000+0 0  9999
2 12046  11.2730 317.1441 0005578  92.6517 267.3529  0.98951031114865
FLTSATCOM 5
1 12635U 81073A   22083.37050207 -.00000190  00000-0  00000-0 0  9996
2 12635  16.9567 324.6144 0012661 116.2838  55.5501  0.98607169117828
FLTSATCOM 7 (USA 20)
1 17181U 86096A   22083.52396388 -.00000140  00000-0  00000-0 0  9992
2 17181  13.9635 350.6088 0038278 300.0063 269.1146  0.98930428136672
FLTSATCOM 8 (USA 46)
1 20253U 89077A   22083.91045723 -.00000085  00000-0  00000-0 0  9993
2 20253  12.8842   0.7986 0004573  67.3524 153.8242  1.00272162245114
UFO 1 (USA 98)
1 22563U 93015A   22083.49034792 -.00000032  00000-0  00000-0 0  9995
2 22563  22.0736  97.2851 0006778 256.1317  96.4535  0.99249086109352
UFO 2 (USA 95)
1 22787U 93056A   22083.08524037  .00000122  00000-0  00000-0 0  9998
2 22787  11.4471  11.6071 0004132 354.0666 235.2715  1.00269492103048
UFO 3 (USA 104)
1 23132U 94035A   22083.04049549 -.00000060  00000-0  00000-0 0  9999
2 23132  11.7410  14.5454 0003243  21.8090 155.2523  1.00287320116196
UFO 4 (USA 108)
1 23467U 95003A   22083.69331020 -.00000029  00000-0  00000-0 0  9990
2 23467   9.8492  18.1762 0003818  28.4715 197.3434  1.00271732 99459
UFO 5 (USA 111)
1 23589U 95027A   22083.62733389 -.00000152  00000-0  00000-0 0  9995
2 23589  11.0859  17.6113 0006694  14.9718 204.9186  0.98752629 97731
UFO 6 (USA 114)
1 23696U 95057A   22082.92688021  .00000036  00000-0  00000-0 0  9991
2 23696  10.3153  21.3738 0005744  78.7418 116.9097  0.98762227 96506
UFO 7 (USA 127)
1 23967U 96042A   22083.28725021 -.00000289  00000-0  00000-0 0  9990
2 23967   9.7308  23.9422 0009386  53.5434 165.4027  1.00218142 93981
UFO 8 (USA 138)
1 25258U 98016A   22083.69444823 -.00000032  00000-0  00000-0 0  9997
2 25258   9.3363  30.2335 0003143 347.7192 225.8201  1.00269013 88354
UFO 9 (USA 140)
1 25501U 98058A   22082.83954490 -.00000010  00000-0  00000-0 0  9991
2 25501   9.6105  27.5268 0014854 338.5973 184.9526  0.98175309 84645
UFO 10 (USA 146)
1 25967U 99063A   22083.86805484 -.00000196  00000-0  00000-0 0  9991
2 25967   8.6097  33.7111 0003153   0.5555  77.5493  1.00267739 81851
UFO 11 (USA 174)
1 28117U 03057A   22083.01785374 -.00000099  00000-0  00000-0 0  9993
2 28117   6.8670  37.9130 0005318 354.5212 230.0634  1.00271147 66946